na_item,unit,geo\time	2007 	2008 	2009 	2010 	2011 	2012 	2013 	2014 	2015 	2016 	2017 	2018 
B1GQ,CP_EUR_HAB,AL	2600 	3000 	3000 	3100 	3200 	3300 	3300 	3500 	3600 	3700 	4000 p	: 
B1GQ,CP_EUR_HAB,AT	34200 	35300 	34500 	35400 	37000 	37800 	38200 	39000 	39900 	40800 	42100 	43700 
B1GQ,CP_EUR_HAB,BE	32400 	33100 	32300 	33500 	34500 	35000 	35300 	35800 	36600 	37600 	38700 	39500 
B1GQ,CP_EUR_HAB,BG	4200 	4900 	4900 	5100 	5600 	5700 	5800 	5900 	6300 	6800 	7300 	7800 p
B1GQ,CP_EUR_HAB,CH	46200 	49300 	50200 	56100 	63700 	65000 	64100 	65300 	74000 	72300 	71200 	: 
B1GQ,CP_EUR_HAB,CY	22900 	24200 	23100 	23300 	23200 	22600 	21000 	20700 	20900 	21700 	22900 p	23800 p
B1GQ,CP_EUR_HAB,CZ	13400 	15500 	14200 	14900 	15600 	15400 	15000 	14900 	16000 	16700 	18100 	19400 
B1GQ,CP_EUR_HAB,DE	31000 	31700 	30600 	32100 	33700 	34300 	35000 	36300 	37300 	38400 	39600 	40900 
B1GQ,CP_EUR_HAB,DK	42700 	44000 	41900 	43800 	44500 	45500 	46100 	47100 	48000 	49200 	50800 	51400 
B1GQ,CP_EUR_HAB,EA	29100 	29600 	28200 	28900 	29500 	29500 	29700 	30200 	31100 	31800 	32900 	33900 
B1GQ,CP_EUR_HAB,EA19	28400 	28900 	27800 	28500 	29200 	29300 	29500 	30100 	31100 	31800 	32900 	33900 
B1GQ,CP_EUR_HAB,EE	12100 	12300 	10600 	11000 	12500 	13500 	14300 	15200 	15700 	16500 	18000 	19500 
B1GQ,CP_EUR_HAB,EL	21100 	21800 	21400 	20300 	18600 p	17300 p	16500 p	16400 p	16400 p	16400 p	16800 p	17200 p
B1GQ,CP_EUR_HAB,ES	23900 	24300 	23300 	23200 	22900 	22200 	22000 	22300 	23300 	24100 p	25100 p	25900 p
B1GQ,CP_EUR_HAB,EU28	26100 	26100 	24500 	25500 	26200 	26600 	26800 	27700 	29100 	29300 	30000 	30900 
B1GQ,CP_EUR_HAB,FI	35300 	36500 	33900 	34900 	36500 	36900 	37400 	37600 	38300 	39300 	40600 	42300 
B1GQ,CP_EUR_HAB,FR	30300 	31000 	29900 	30700 	31500 	31800 	32100 	32400 	33000 	33400 p	34300 p	35100 p
B1GQ,CP_EUR_HAB,HR	10200 	11200 	10500 	10500 	10500 	10300 	10300 	10300 	10600 	11200 	11900 	: 
B1GQ,CP_EUR_HAB,HU	10200 	10800 	9400 	9900 	10200 	10000 	10300 	10700 	11300 	11600 	12700 	13500 
B1GQ,CP_EUR_HAB,IE	44800 	41800 	37500 	36800 	37400 	38100 	38900 	42000 	55900 	57500 	61200 	65500 
B1GQ,CP_EUR_HAB,IS	50500 	34300 	29500 	32500 	34100 	35700 	37300 	40900 	47400 	55600 	63200 	: 
B1GQ,CP_EUR_HAB,IT	27400 	27600 	26400 	26800 	27300 	26700 	26500 	26700 	27200 	27900 	28500 	29100 
B1GQ,CP_EUR_HAB,LI	: 	: 	: 	: 	: 	: 	128400 	133200 	148400 	146700 p	148200 e	: 
B1GQ,CP_EUR_HAB,LT	9000 	10200 	8500 	9000 	10300 	11200 	11800 	12500 	12900 	13500 	14900 	16100 
B1GQ,CP_EUR_HAB,LU	77300 	77900 	74200 	79200 	83100 	83000 	85300 	89200 	90600 	91300 	92600 	96700 
B1GQ,CP_EUR_HAB,LV	10300 	11200 	8800 	8500 	9800 	10800 	11300 	11800 	12300 	12800 	13900 	15300 
B1GQ,CP_EUR_HAB,MK	3000 e	3300 e	3300 e	3500 e	3700 e	3700 e	3900 e	4100 e	4400 e	4700 e	: 	: 
B1GQ,CP_EUR_HAB,MT	14200 	15000 	14900 	15900 	16400 	17100 	17900 	19600 	21700 	22700 	24100 	25600 
B1GQ,CP_EUR_HAB,NL	37800 	39400 	37800 	38500 	39000 	39000 	39300 	39800 	40700 	41600 p	43000 p	44900 p
B1GQ,CP_EUR_HAB,NO	62300 	66500 	57700 	66300 	72400 	79100 	77600 	73300 	67100 	64100 	67100 	69400 
B1GQ,CP_EUR_HAB,PL	8200 	9600 	8200 	9400 	9900 	10100 	10300 	10700 	11200 	11100 	12200 	12900 
B1GQ,CP_EUR_HAB,PT	16600 	16900 	16600 	17000 	16700 	16000 	16300 	16600 	17400 	18100 	18900 p	19600 e
B1GQ,CP_EUR_HAB,RO	6100 	7100 	6100 	6200 	6500 	6600 b	7200 	7600 	8100 	8600 	9600 p	10400 p
B1GQ,CP_EUR_HAB,RS	4300 	4900 	4400 	4300 	4900 	4700 	5100 	5000 	5000 	5200 	5600 	6100 p
B1GQ,CP_EUR_HAB,SE	39000 	38300 	33300 	39400 	42900 	44500 	45400 	44700 	45800 	46700 	47200 	45900 
B1GQ,CP_EUR_HAB,SI	17400 	18800 b	17700 	17700 	18000 	17500 	17600 	18200 	18800 	19500 	20800 	22200 
B1GQ,CP_EUR_HAB,SK	10400 	12200 	11800 	12400 	13100 	13400 	13700 	14000 	14600 	15000 	15600 	16600 
B1GQ,CP_EUR_HAB,UK	36700 	32100 	27700 	29500 	29900 	32800 	32400 	35400 	40100 	36600 	35400 	36000 
B1GQ,CP_MEUR,AL	7809.8 	8800.3 	8662.2 	8996.6 	9268.3 	9585.8 	9625.4 	9968.6 	10264.1 	10719.9 	11563.8 p	12745.5 e
B1GQ,CP_MEUR,AT	283978.0 	293761.9 	288044.0 	295896.6 	310128.7 	318653.0 	323910.2 	333146.1 	344258.5 	356237.6 	369899.2 	386093.8 
B1GQ,CP_MEUR,BA	: 	13047.8 	12679.3 	12968.9 	13411.8 	13407.5 	13691.8 	13988.3 	14615.7 	15287.9 	: 	: 
B1GQ,CP_MEUR,BE	344712.5 	354065.9 	348781.1 	365100.5 	379106.3 	387500.1 	392339.8 	400086.6 	411010.2 	424660.3 	439051.9 	450576.8 
B1GQ,CP_MEUR,BG	32449.1 	37200.1 	37317.7 	38230.5 	41292.0 	41947.2 	41858.1 	42824.4 	45288.5 	48128.6 	51663.0 	55182.2 p
B1GQ,CP_MEUR,CH	350695.6 	378248.1 	390207.4 	441085.7 	504020.9 	519716.4 	518379.5 	534923.7 	612658.4 	605753.7 	601395.7 	597314.3 
B1GQ,CP_MEUR,CY	17591.0 	19006.2 	18673.5 	19299.5 	19731.0 	19489.7 	18140.5 	17610.0 	17746.0 	18490.2 	19648.7 p	20730.9 p
B1GQ,CP_MEUR,CZ	138302.9 	161313.1 	148682.0 	156718.2 	164040.5 	161434.3 	157741.6 	156660.0 	168473.3 	176370.1 	191721.8 	206822.9 
B1GQ,CP_MEUR,DE	2513230.0 	2561740.0 	2460280.0 	2580060.0 	2703120.0 	2758260.0 	2826240.0 	2938590.0 	3048860.0 	3159750.0 	3277340.0 	3386000.0 
B1GQ,CP_MEUR,DK	233383.2 	241613.5 	231278.1 	243165.4 	247879.9 	254578.0 	258742.7 	265757.0 	273017.5 	282089.9 	292806.0 	297633.6 
B1GQ,CP_MEUR,EA	9257088.1 	9501079.3 	9236389.3 	9491671.6 	9754121.0 	9791360.2 	9886245.4 	10138605.2 	10534687.3 	10827689.9 	11205343.8 	11573948.5 
B1GQ,CP_MEUR,EA19	9404644.6 	9640650.4 	9296219.3 	9552204.5 	9805598.6 	9846767.0 	9944034.0 	10175173.5 	10534687.3 	10827689.9 	11205343.8 	11573948.5 
B1GQ,CP_MEUR,EE	16246.4 	16517.3 	14145.9 	14716.5 	16667.6 	17934.9 	18932.3 	20061.2 	20652.0 	21682.6 	23615.1 	25656.9 
B1GQ,CP_MEUR,EL	232694.6 	241990.4 	237534.2 	226031.4 	207028.9 p	191203.9 p	180654.3 p	178656.5 p	177258.4 p	176487.9 p	180217.6 p	184713.6 p
B1GQ,CP_MEUR,ES	1080807.0 	1116225.0 	1079052.0 	1080935.0 	1070449.0 	1039815.0 	1025693.0 	1037820.0 	1081165.0 	1118743.0 p	1166319.0 p	1208248.0 p
B1GQ,CP_MEUR,EU28	13005711.4 	13086522.3 	12330593.3 	12841529.7 	13217460.9 	13484172.4 	13596777.9 	14072020.7 	14828642.4 	14958293.0 	15382590.6 	15877040.2 
B1GQ,CP_MEUR,FI	186584.0 	193711.0 	181029.0 	187100.0 	196869.0 	199793.0 	203338.0 	205474.0 	209952.0 	216073.0 	223892.0 	233555.0 
B1GQ,CP_MEUR,FR	1941360.0 	1992380.0 	1936422.0 	1995289.0 	2058369.0 	2088804.0 	2117189.0 	2149765.0 	2198432.0 	2228568.0 p	2291697.0 p	2348991.0 p
B1GQ,CP_MEUR,HR	43946.8 	48138.8 	45145.4 	45155.5 	44825.5 	43982.7 	43779.2 	43431.0 	44605.9 	46639.5 	48989.5 	51467.8 
B1GQ,CP_MEUR,HU	102169.1 	108121.5 	94262.5 	98826.0 	101317.0 	99502.4 	101890.5 	105547.0 	110898.7 	113903.8 	124050.3 	131935.1 
B1GQ,CP_MEUR,IE	197202.0 	187769.1 	170100.5 	167721.2 	171140.2 	175216.2 	179922.4 	195292.8 	262466.2 	273238.2 	294110.1 	318459.6 
B1GQ,CP_MEUR,IS	15726.8 	10948.5 	9426.4 	10332.4 	10889.0 	11458.5 	12064.1 	13389.9 	15679.8 	18646.1 	21709.2 	21917.7 
B1GQ,CP_MEUR,IT	1609550.8 	1632150.8 	1572878.3 	1604514.5 	1637462.9 	1613265.0 	1604599.1 	1621827.2 	1652085.4 	1689824.0 	1727381.5 	1756981.5 
B1GQ,CP_MEUR,LI	: 	: 	: 	: 	: 	: 	4812.4 	5021.7 	5649.1 	5617.2 p	5717.4 e	: 
B1GQ,CP_MEUR,LT	29040.7 	32696.3 	26934.8 	28027.7 	31275.3 	33348.5 	34959.6 	36568.3 	37433.9 	38849.4 	42190.8 	45133.6 
B1GQ,CP_MEUR,LU	37178.9 	38128.6 	36976.5 	40177.8 	43164.6 	44112.1 	46499.6 	49824.5 	51578.9 	53303.0 	55299.4 	58869.2 
B1GQ,CP_MEUR,LV	22679.3 	24354.8 	18749.3 	17788.6 	20202.3 	22058.4 	22828.9 	23618.2 	24320.3 	25037.7 	27033.1 	29523.7 
B1GQ,CP_MEUR,ME	2689.1 	3103.3 	2993.9 	3125.1 	3264.8 	3181.5 	3362.5 	3457.9 	3654.5 	3954.2 	4299.1 	: 
B1GQ,CP_MEUR,MK	6094.5 	6772.1 	6766.5 	7108.3 	7544.2 	7584.8 	8149.6 	8562.0 	9072.3 	9656.5 	10013.9 p	10734.7 e
B1GQ,CP_MEUR,MT	5757.5 	6128.7 	6138.6 	6599.5 	6834.8 	7169.7 	7645.9 	8503.0 	9649.9 	10344.1 	11313.3 	12319.8 
B1GQ,CP_MEUR,NL	619170.0 	647198.0 	624842.0 	639187.0 	650359.0 	652966.0 	660463.0 	671560.0 	690008.0 	708337.0 	737048.0 p	773373.0 p
B1GQ,CP_MEUR,NO	293273.4 	317230.3 	278557.9 	324043.2 	358733.7 	397086.1 	393966.1 	376647.6 	348408.4 	335747.5 	354287.4 	368546.4 
B1GQ,CP_MEUR,PL	313874.0 	366182.3 	317082.9 	361803.9 	380241.7 	389376.8 	394733.8 	411163.2 	430254.5 	426547.5 	467167.0 	496630.5 
B1GQ,CP_MEUR,PT	175467.7 	178872.6 	175448.2 	179929.8 	176166.6 	168398.0 	170269.3 	173079.1 	179809.1 	186480.5 	194613.5 p	201605.7 e
B1GQ,CP_MEUR,RO	127632.0 	146590.6 	125213.9 	125408.8 	131925.4 	133147.1 	143801.6 	150458.0 	160297.8 	170393.6 	187516.8 p	202883.6 p
B1GQ,CP_MEUR,RS	31557.9 	35712.5 	32486.2 	31545.8 	35431.7 	33679.3 	36426.7 	35467.5 	35715.5 	36723.0 	39183.3 	42780.2 p
B1GQ,CP_MEUR,SE	356859.2 	352741.6 	310008.3 	369478.2 	405440.1 	423808.4 	436217.9 	433140.1 	449194.7 	463147.5 	475224.2 	467011.9 
B1GQ,CP_MEUR,SI	35152.6 	37951.2 	36166.2 	36252.4 	36896.3 	36076.1 	36239.2 	37603.3 	38863.3 	40357.2 	42999.7 	45947.6 
B1GQ,CP_MEUR,SK	56241.6 	66002.8 	64023.1 	67577.3 	70627.2 	72703.5 	74169.9 	76087.8 	79138.2 	81226.1 	84850.9 	90201.8 
B1GQ,CP_MEUR,TR	492841.2 	521812.2 	461925.9 	581023.8 	596491.2 	678483.7 	714313.4 	703411.6 	772978.8 	780224.9 	753904.0 	: 
B1GQ,CP_MEUR,UK	2252450.5 	1983970.5 	1725383.3 	1850538.6 	1894900.2 	2089628.4 	2073978.5 	2287866.6 	2611924.1 	2403382.6 	2337971.0 	2393692.8 
B1GQ,CP_MEUR,XK	: 	3882.8 	4069.6 	4402.0 	4814.5 	5058.8 	5326.6 	5567.5 	5806.9 	6070.0 	6413.8 	: 
B1GQ,CP_MPPS,AL	17813.3 	19165.3 	19627.6 	21463.5 	22373.2 	23073.7 	22482.3 	23978.1 	25242.3 	24833.2 	26233.5 p	: 
B1GQ,CP_MPPS,AT	269357.3 	271707.4 	259716.7 	268855.2 	281428.6 	295983.7 	298529.2 	307426.7 	323901.3 	328329.6 	334683.7 	: 
B1GQ,CP_MPPS,BA	: 	26791.7 	25667.0 	26501.9 	27550.1 	28067.5 	28664.8 	29341.4 	30776.0 	31506.1 	: 	: 
B1GQ,CP_MPPS,BE	322949.0 	322755.4 	312119.5 	333961.9 	343801.3 	356213.8 	357520.8 	368546.4 	386131.7 	389278.8 	396750.4 	: 
B1GQ,CP_MPPS,BG	79614.3 	84844.1 	80098.6 	84522.8 	86905.9 	89494.1 	88441.1 	93369.9 	98086.1 	101121.7 	104660.0 	: 
B1GQ,CP_MPPS,CH	309631.3 	317809.5 	304915.8 	317784.5 	335384.5 	349625.8 	357199.9 	373646.2 	397904.2 	391188.5 	395651.3 	: 
B1GQ,CP_MPPS,CY	20771.7 	21648.5 	20827.3 	21093.6 	21307.3 	20838.3 	19389.0 	19097.5 	20112.6 	20867.2 	21942.2 p	: 
B1GQ,CP_MPPS,CZ	221775.9 	228513.2 	219239.1 	221779.3 	228036.2 	230741.1 	235471.8 	250315.6 	266973.2 	270825.4 	284404.3 	: 
B1GQ,CP_MPPS,DE	2471729.7 	2467672.3 	2307543.7 	2452458.6 	2585554.8 	2647946.5 	2679738.7 	2817034.9 	2944848.0 	2990799.7 	3068325.7 	: 
B1GQ,CP_MPPS,DK	175426.0 	179208.0 	169460.6 	182557.1 	186611.6 	189337.4 	192740.3 	199268.3 	209501.0 	211255.1 	221257.9 	: 
B1GQ,CP_MPPS,EA	9211491.2 	9240227.6 	8804107.6 	9120731.5 	9396128.5 	9525040.1 	9577746.2 	9913955.0 	10483840.6 	10595334.2 	10866314.7 	: 
B1GQ,CP_MPPS,EA19	9442433.2 	9450784.2 	8895988.8 	9218495.0 	9479137.1 	9613354.8 	9669140.3 	9974877.9 	10483840.6 	10595334.2 	10866314.7 	: 
B1GQ,CP_MPPS,EE	24272.6 	23948.3 	20810.5 	21990.8 	24579.1 	26013.2 	26622.1 	28065.9 	28873.1 	29577.1 	31112.2 	: 
B1GQ,CP_MPPS,EL	266761.7 	270129.8 	256525.5 	239570.5 	219010.3 p	211059.3 p	210225.4 p	215488.9 p	218732.4 p	213820.6 p	217023.2 p	: 
B1GQ,CP_MPPS,ES	1215198.2 	1215277.4 	1142221.4 	1137885.0 	1130867.9 	1130761.0 	1116619.3 	1154972.3 	1222401.2 	1241648.9 p	1284261.7 p	: 
B1GQ,CP_MPPS,EU28	13005711.4 	13086522.3 	12330593.3 	12841529.7 	13217460.9 	13484172.4 	13596777.9 	14072020.7 	14828642.4 	14958293.0 	15382590.6 	: 
B1GQ,CP_MPPS,FI	164362.2 	167832.9 	153617.5 	158997.2 	165383.3 	166204.7 	164990.8 	166951.6 	173831.5 	174830.5 	180239.7 	: 
B1GQ,CP_MPPS,FR	1798738.1 	1785430.7 	1707061.3 	1786548.7 	1845706.7 	1869761.4 	1916268.3 	1962252.2 	2043152.4 	2040159.3 p	2086338.7 p	: 
B1GQ,CP_MPPS,HR	68695.1 	70968.3 	65604.1 	65023.1 	67038.7 	68235.5 	68175.8 	68974.3 	72670.8 	74478.9 	76578.5 	: 
B1GQ,CP_MPPS,HU	157736.0 	164042.4 	157432.7 	164802.8 	171835.6 	173149.4 	177796.9 	185589.7 	194926.5 	191718.2 	199028.2 	: 
B1GQ,CP_MPPS,IE	169548.7 	157117.1 	143577.5 	151081.1 	155277.1 	160887.5 	162931.9 	175760.6 	243628.8 	245375.8 	260712.8 	: 
B1GQ,CP_MPPS,IS	10570.7 	10866.1 	10151.5 	9632.7 	9811.7 	10162.3 	10502.6 	11032.2 	12143.5 	12771.6 	13415.6 	: 
B1GQ,CP_MPPS,IT	1637589.6 	1645854.2 	1551330.3 	1588109.3 	1628295.6 	1630590.0 	1598763.6 	1616315.6 	1680899.4 	1722194.4 	1751679.0 	: 
B1GQ,CP_MPPS,LT	50860.5 	52430.2 	43653.6 	47621.2 	52211.1 	55679.0 	57927.7 	60899.6 	63101.8 	63226.8 	66407.7 	: 
B1GQ,CP_MPPS,LU	33227.2 	33478.4 	31151.5 	33215.0 	35979.5 	36765.0 	38156.3 	41539.8 	43988.6 	44494.5 	45322.9 	: 
B1GQ,CP_MPPS,LV	32880.6 	33436.7 	27483.3 	28185.6 	30726.1 	32675.3 	33527.9 	34990.0 	36735.8 	36837.5 	38895.0 	: 
B1GQ,CP_MPPS,ME	6318.9 	6736.6 	6125.2 	6463.5 	6770.4 	6502.5 	6786.0 	7045.4 	7637.2 	8088.8 	8505.4 	: 
B1GQ,CP_MPPS,MK	15736.0 	17020.4 	17176.1 	17865.6 	18154.8 	18560.5 	19298.2 	20474.5 	21609.2 	22424.2 	22490.0 p	: 
B1GQ,CP_MPPS,MT	8345.5 	8474.0 	8200.8 	8821.5 	8980.9 	9346.7 	9726.5 	10689.4 	12093.7 	12700.9 	13729.4 	: 
B1GQ,CP_MPPS,NL	592739.7 	603301.8 	560326.1 	572707.2 	586860.7 	598595.6 	607881.3 	612050.3 	640259.8 	636078.5 	658284.3 p	: 
B1GQ,CP_MPPS,NO	216972.4 	232713.1 	203606.0 	216887.8 	232222.9 	248231.9 	250225.8 	249987.3 	235942.1 	221404.1 	231688.8 	: 
B1GQ,CP_MPPS,PL	527510.3 	551691.0 	558493.8 	612790.9 	656187.2 	685603.1 	690781.6 	717644.2 	766527.4 	766160.9 	802305.2 	: 
B1GQ,CP_MPPS,PT	223392.9 	222210.0 	212763.5 	220962.0 	213304.6 	210223.1 	214327.8 	220397.8 	231030.3 	233187.1 	236759.8 p	: 
B1GQ,CP_MPPS,RO	235597.2 	272383.7 	257704.5 	262887.9 	272196.9 	286984.8 	290632.6 	302656.8 	322072.1 	342122.0 	367821.7 p	: 
B1GQ,CP_MPPS,RS	68300.6 	73375.9 	69805.7 	71409.0 	75025.9 	75811.2 	76991.5 	77052.8 	79554.1 	80185.3 	81464.4 	: 
B1GQ,CP_MPPS,SE	306358.6 	305314.8 	280739.6 	298793.7 	312303.7 	322124.3 	322459.7 	332865.3 	356634.2 	354349.2 	365050.9 	: 
B1GQ,CP_MPPS,SI	45921.7 	47321.5 	42625.3 	43488.3 	44611.0 	44932.8 	45091.0 	46882.0 	49065.9 	49854.3 	52748.6 	: 
B1GQ,CP_MPPS,SK	93765.3 	100714.8 	94471.0 	102993.7 	105219.2 	108903.8 	110942.9 	115544.2 	121002.4 	122070.7 	124321.6 	: 
B1GQ,CP_MPPS,TR	851682.5 	893391.8 	840278.4 	964532.2 	1088873.8 	1163202.6 	1242141.4 	1364441.8 	1512043.5 	1518606.6 	1596436.0 	: 
B1GQ,CP_MPPS,UK	1789733.5 	1779233.9 	1646928.1 	1729834.9 	1757243.3 	1825131.1 	1861094.2 	1946444.4 	2057420.6 	2050965.8 	2094069.3 	: 
